1394527030679
1394527030981
1394527031121
1394527031256
1394527031395
1394527031521
1394527031662
1394527031794
1394527031965
1394527032120
1394527032312
1394527032494
1394527032646
1394527032759
1394527032931
1394527033239
1394527033416
1394527033557
1394527033761
1394527033955
1394527034158
1394527034348
1394527034536
1394527034645
1394527034782
1394527034940
1394527035090
1394527035239
1394527035386
1394527035522
1394527035704
1394527035852
1394527036010
1394527036185
1394527036368
1394527036639
1394527036815
1394527036986
1394527037117
1394527037257
1394527037432
1394527037576
1394527037785
1394527037896
1394527038038
1394527038219
1394527038401
1394527038587
1394527038724
1394527038879
